22 368
614 142
1 25
1337804 166
195838 42
2598 2216
637 982
383184816 2
15445 31859
5719 39346
1660 43073
21 87
2376 42407
7812 6
314 142
486525 20
2423 2564
184285 28
45 74
2237 20
1 61
32 89
56938688 14
237839 20
114171068 4
72 273
23808738 42
11355 8
222 204
68623 13278
35595 15107
49309695 14
674 562
16 73
12653 5692
1989651 162
7384 37942
1561 990
19466 2
2 6
14 14
14907 19770
3074 41744
3684 2
189473 5206
315 12
3089 9637
22 28
8 8
3564 1194
99999037 10
2474345 40
1280 34
51788 8314
225186330 2
141578 6892
2026557 18
9947 854
12699 33777
33 71
134 166
8226 780
1162242 860
100 322
2143 42628
29405429 34
2 93
352 250
195 44
847 60
33318795 30
55538185 18
105542 1946
68854183 12
7381 3528
32523027 18
22034 4
12120 34212
94 248
283338 18
19163 4
5223098 8
3041 41778
604 16
439463 1274
124885035 8
32481 16136
6158 8
193615 4164
98776 9646
17 170
616 2357
1125487 76
99925267 10
1265 43454
126 38
1729770 578
30980 2
7432 37891
907 60
499883528 2
15121 1471
2 27
499595654 2
487 20055
19224380 52
31221548 32
4466840 2
2334 276
686 2
4316 10
4 1
29 111
417396 210
230 28
93 1097
13 42
59146 14992
43 576
4851357 206
394 24
64009 4
796 733
298 24
48846233 16
69 30
750 1652
1423 6434
3263154 2
6511 138
264 20
145 4
4 4
65403988 6
5695 16055
7562282 20
1891170 234
6722 38484
49492428 2
578 8
335 8
2450 1880
4084 12004
795 32
32 402
5166 5946
232 181
3376283 296
1149294 252
1725 19543
13730101 70
5 4
112 58
3239 1820
588 842
201472 4900
72 179
22970 27300
40593296 2
809 446
34 102
11 153
27 730
31 217
4706 2
7 220
1018 20124
249764855 4
73 64
22769345 20
945664 1056
2 23
3225 2
20145 578
60 61
50729 2590
75530 12242
550919 2
5940 48
10913 46
2587 2308
72850 1138
691 718
339 56
7244443 138
36322 6246
324 12
1631353 514
1633261 612
99033 8
34689 2
551 16
384527 2590
83323993 12
1116 570
3435 2
4330 78
1905 12
1662 6
166637526 6
30 2
621 8
12 75
1852 6
1674 8713
9082271 110
6 111
24 131
29 392
1238 43492
58486 15132
5813 206
2949 41860
114 2
4859 9598
48 2
77 340
4945583 202
593 8
614 2
108 184
2045 36987
176 28
146 776
1 11
270901 1218
3544365 282
213 2954
241 247
105 971
32 88
1697 40
259 4
338 16
1541 170
93 26
40835 19714
448 58
8798 36767
432 768
10216 16498
195703 1524
7 8
34564 16
430 157
6 180
164 40
1364 3211
6 37
5 49
214011 2
1580 184
38668 16
1 50
197128 5008
21728959 46
2469081 26
2195338 42
5869 4651
1723172 8
114 12
35 14
148464 60
15613123 64
1871 38
345 1000
684 3794
40 82
60 9
7260 708
48873069 2
246308 4
44 73
347 8
2121 8657
7534 10
24113 10463
151 30
4657 78
834 2
2740 13649
13147999 76
16209 6
14056 4468
47157 14
222 36
299 16
43 246
131879 7372
1663 466
876798 8
1687831 592
1100 964
7431 23817
48416 17482
20 247
4415 200
33 74
14859 32259
914829 1092
14 29
541052 1844
23206586 2
111 317
1458 2
3996 40891
366 56
7137606 140
46396 76
12607 25256
34340 20
26 250
91236370 4
211 42
748388 62
63 14
6 21
2505 2
666 128
58 69
518 2506
32726 200
7351 6510
18 241
341453 2914
499810634 2
1734228 576
12 341
33252 22466
3029 41793
41 46
22805 3248
10604 4
14205 3708
62 363
104964 9126
93 14
1965 1451
215419 4
9 320
1442 11744
7 118
144 113
682 6885
1741 9663
24 99
2939 41865
1083 2405
877791 6
16696 18
43296546 2
715 691
160 54
162911 28
29393 24107
5844 972
62455597 16
24 51
56 2
189398 5206
481 478
1938 2656
209225 314
271 232
177 48
422 838
4545 2
17856 200
18021 210
17239880 58
7 16
3721 18
18719 21307
10 10
48 68
2706686 8
222862279 4
2000040 2
24 641
230 4
1 2
54 20
1427 3002
219513 4508
13893 6674
10088 35753
188661 48
24707 20743
5377 8959
15 27
15 390
1208 1556
711 38
1551085 4
6563 4292
237 48
14 76
15672 31706
2168 5247
1286 1289
389698 2556
30 89
288 864
6551 38639
3704 41160
92099 10282
71 46
1137 8
151365 6464
29057 104
55541947 18
3719 41145
3097 18968
12 6
642943 96
605203 6
456336 2186
2746768 364
10485 5702
822864 2
10895 50
33 2
28 16
518530 28
277 957
5 9
930 932
1339 12481
747 6
907 58
3148 28
174 842
247 54
30 5
1213 16
4713 8
87714 10734
1263 162
2280838 438
19650 2
1444 300
342 781
363 2
329 44
27591 24950
22279 27682
1575 11415
68373 6
267 44452
54 351
755 8766
7289620 100
83 267
335975 2320
6 169
9988 4
2927 41875
287327 4
1192618 4
22 99
4118 2
10268 8
7686 12
167 44550
137 2273
59313399 14
8 97
89421 10550
19990422 50
1448605 324
486590 100
18 105
1935 37871
22 334
1347 6
73 18
43 16
1 34
27096 25184
17 86
1343 46
1854 2
3742 24
1680 22890
133570 7284
237048 4178
2712 18190
52181 866
106 251
244 4
145 24
1 114
20382530 4
81 827
167164 5874
1376281 726
14013 1542
29783 2
260 4965
166552258 6
90508 10444
14511 32497
1685 4
329677 148
6234 516
679 3446
18 4226
78452 764
1677 20
1471 43273
83266849 12
134 262
30979 23416
403 22
223 268
21 374
2 161
1710101 26
932 10
3085945 324
1154263 36
46 37
490 1736
46 36
319 10
263 627
122605 780
71760 1070
190273 5182
166526709 6
4884 6714
192 1103
28799 24382
30 37
79 282
16 29
44 331
1163 58
98 213
10 269
78 26
4922 16
554 157
114442 744
714 6
22452 36
31 105
95040 18
1911312 188
11 123
189752 5194
334 6
379 3714
42897 10586
7547311 58
3747 4044
146988 48
581839 496
4162446 240
379349 2
499548743 2
1591 516
14601 6
911 3343
339674 22
68 84
148827 6570
154 6
30 32
238 1678
1594 1201
2083 4547
254124 116
1016692 190
3105 10265
1 351
75 323
1316708 2
166629462 6
40 385
2048 1
36049092 20
108063 2
4 16
5842 9433
121 268
120 793
18129 4250
12 289
646 12
42066794 2
39905 2
161487 26
7998 12
253000 3922
14 125
12428 33146
6979 150
11103 24
1798 2794
58 22
1394006 22
15006 30011
32687 260
4372 37641
2751 2
20846 236
14234955 2
27 109
147948 42
799936 6
3604 41252
326 208
136447 7138
1 73
26886 2
279 6
52 37
21790 28
6665 8
11493 8
8631 18521
8 87
249776929 4
2174 214
622632 1604
2422 346
15875 31568
13871 32933
14 4
20 261
40600 1222
12 392
43 71
3890 40989
58368964 10
787377 1268
32933 22598
16 16
2105 10
398 16
1160150 538
3666678 138
2925 9184
37 109
40517510 2
15 1000
3596 2
17899 29514
35844 21464
115 253
21341953 4
201 32
411 24809
74426 8
65 86
8725 4660
11663 16118
112328 868
1028 226
5740 10
3819 12
20 4
25147 26155
3800 41073
593 2944
73 1109
123 24
19929 13367
249922280 4
7035 14
49990206 20
1277 40
927262 76
1412128 4
9 61
76255 450
26869 214
10873 26371
16 10
5959989 12
2383 24
96720 8
62459788 16
2 1
96597 9846
62442266 16
4699259 142
79700 11680
564 2224
6838 6298
2 10
3093 3266
39 12
194 2059
11110155 90
1876057 4
31534 286
29382604 34
499913310 2
50871 132
295 12
682 10
42 66
167590 5862
312 324
1183 52
52758 18
558 8
91 42
23 699
30998 23402
441 3146
2220 12838
153 12
1220 2
20 43
1671 2
501948 18
166 6
3 5
3987063 12
155 142
80633 11564
6 118
3 26
13867356 2
2415428 2
51283 16756
935 10
13 33
10 108
49 212
7 3
4 10
16125966 62
97037 94
183 2
6954 56
2283 2
8111 10
67794 13421
286173 42
73 84
8891 3251
1052 8
37 82
12 57
10 47
76613 12092
43664 18826
534 2
2305 42456
659334 1514
5 15
9 6
1048 649
4668 8
30217 10
12 28
4263 12
47221 17812
16127993 62
12 24
439696 652
4207 19951
4298 40611
295 642
5 8
2230801 448
38445806 26
374 140
127 24
1982169 504
7507 17371
25778 25826
38 99
3920 2
112 36705
1220 6702
254 34
1974977 506
866 482
2461 7501
500 148
124358 8
115548 4754
989027 1010
3896 2
191590 42
64411 13998
27245 8
3956 16
23096 27229
5 399
3147 7529
122 13001
230 32
262 54
9178 36464
3037 18
2853 38
27054 26
35 23
72699 80
94150 10078
10330 4
7 74
6427 36
74 37
744 666
110 44
24458 26501
1334 7685
146 26
20838 28493
5960 3314
14857 13128
82 309
834 26
23 134
2135427 468
162 38
248652 3986
48361 2320
828 78
1676 262
59269 6
192 26
231 38
74 223
4062 98
123 287
35692 28
25946 22
493 503
6120 12
8513 30122
2177 15398
385 1062
321 311
127 3
1488 43254
334508 2974
310022 1096
845478 1028
172181 3736
9337 336
12706 33780
3105 41719
2174 42588
83 41060
1396256 716
12404 34001
588 2793
633995 1574
325 859
459 20
51652 154
4806131 208
6328371 158
1098347 910
1764 2
31223126 32
224 65
3935982 254
43 102
874385 1142
1455 92
33686115 2
9 36
192 6
39 36
19716543 26
18944 1172
7350311 136
9429401 106
248 587
204045 4839
11044 730
2811688 18
101324 14
17911 30250
2464 24
1734 32
78878 908
48576848 4
9358 36328
32 1
5009 39972
3277 33205
212 193
16 335
51 32
224 4051
252 174
1 27
47568897 20
686612 1454
634 54
3402144 2
1381 2511
1574 877
4757 746
2073 3332
2193 42580
23 214
2451 122
6742 40
423 11716
24 103
4 56
157506 2910
5500 39539
2072 9371
3735 120
7 212
7841759 26
6755011 148
58 12
24 101
4308 40599
185 4
618 14
135504 1964
672593 1484
2963 2
243 84
56313 15588
7871 8
419 2
1087 30963
173 34
29796 23936
152 154
38 41
19 16
2 112
2220 44
439 100
332 723
3 15
499964288 2
105393 648
5255 39761
7200 12
8 121
49953036 20
5306 2
48 843
27830 2
2601 2027
154668 3464
1009411 990
1457 154
1 82
263 1054
37881 4080
65 275
87 264
1354 6
969547 58
1024 1
2515503 18
6 31
1 7
125 7
118 1082
3288365 304
3 41
1375909 726
419 20
2 135
1202 64
29 152
609802 4
33312672 30
25074 1830
4603 4
81 96
14549 4
49 943
223 1066
864860 382
42779 5642
26370024 2
168 12
1528 6
32135 298
4525959 12
77 708
245 1327
2146 18475
61840 9994
1871 14713
1778 42979
767 460
889 96
1899525 2
222079 1492